1 0.000 1
2 0.000 0
3 0.000 0
4 0.000 0
5 0.000 0
6 0.000 0
7 0.000 0
8 0.000 0
9 0.000 1
10 0.000 1
11 0.000 0
12 0.000 0
13 0.000 0
14 0.000 0
15 0.000 0
16 0.000 0
17 0.000 0
18 0.000 0
19 0.000 0
20 0.000 0
21 0.000 0
22 0.000 0
23 0.000 1
24 0.000 1
25 0.000 1
26 0.000 1
27 0.000 0
28 0.000 0
29 0.000 0
30 0.000 1
31 0.000 2
32 0.000 2
33 0.000 1
34 0.000 1
35 0.000 1
36 0.000 0
37 0.000 0
38 0.000 0
39 0.000 1
40 0.000 2
41 0.000 1
42 0.000 0
43 0.000 0
44 0.000 0
45 0.000 0
46 0.000 0
47 0.015 3
48 0.000 5
49 0.000 3
50 0.000 2
51 0.000 1
52 0.000 0
53 0.000 0
54 0.000 0
55 0.000 3
56 0.000 7
57 0.000 6
58 0.000 3
59 0.000 2
60 0.000 2
61 0.000 1
62 0.000 0
63 0.000 1
64 0.000 6
65 0.000 6
66 0.000 1
67 0.000 0
68 0.000 0
69 0.000 1
70 0.000 2
71 0.000 5
72 0.000 11
73 0.000 10
74 0.000 4
75 0.000 2
76 0.000 1
77 0.000 1
78 0.000 3
79 0.000 6
80 0.000 13
81 0.000 17
82 0.000 9
83 0.000 3
84 0.000 5
85 0.000 4
86 0.000 2
87 0.000 6
88 0.000 12
89 0.000 14
90 0.000 9
91 0.000 2
92 0.000 1
93 0.000 4
94 0.000 6
95 0.000 9
96 0.000 21
97 0.000 24
98 0.000 11
99 0.000 3
100 0.000 2
101 0.000 4
102 0.000 10
103 0.000 16
104 0.000 25
105 0.000 34
106 0.000 25
107 0.000 8
108 0.000 5
109 0.015 10
110 0.000 12
111 0.000 16
112 0.000 27
113 0.000 34
114 0.000 24
115 0.000 9
116 0.000 4
117 0.000 8
118 0.000 18
119 0.000 26
120 0.000 37
121 0.000 49
122 0.000 36
123 0.000 12
124 0.000 3
125 0.000 9
126 0.000 24
127 0.000 36
128 0.000 48
129 0.000 61
130 0.000 58
131 0.000 33
132 0.000 13
133 0.000 18
134 0.000 33
135 0.000 41
136 0.000 51
137 0.000 64
138 0.000 55
139 0.000 33
140 0.000 20
141 0.000 22
142 0.000 44
143 0.000 69
144 0.000 79
145 0.000 85
146 0.000 74
147 0.000 38
148 0.000 14
149 0.000 21
150 0.000 55
151 0.000 91
152 0.000 104
153 0.000 113
154 0.000 107
155 0.000 67
156 0.000 34
157 0.000 32
158 0.000 64
159 0.000 108
160 0.000 125
161 0.000 125
162 0.000 111
163 0.016 73
164 0.000 41
165 0.000 43
166 0.000 86
167 0.000 150
168 0.000 178
169 0.000 167
170 0.000 149
171 0.000 99
172 0.000 44
173 0.000 40
174 0.000 101
175 0.000 179
176 0.000 218
177 0.000 220
178 0.000 197
179 0.000 146
180 0.000 90
181 0.015 75
182 0.000 120
183 0.000 214
184 0.000 261
185 0.000 243
186 0.000 216
187 0.000 166
188 0.000 105
189 0.000 95
190 0.000 172
191 0.000 292
192 0.000 358
193 0.016 331
194 0.000 271
195 0.000 201
196 0.000 128
197 0.000 110
198 0.000 196
199 0.000 359
200 0.000 453
201 0.000 427
202 0.015 358
203 0.000 275
204 0.000 188
205 0.000 157
206 0.000 238
207 0.000 406
208 0.000 528
209 0.016 491
210 0.000 398
211 0.000 322
212 0.000 242
213 0.000 206
214 0.000 314
215 0.000 549
216 0.000 693
217 0.000 647
218 0.000 503
219 0.000 377
220 0.015 286
221 0.000 258
222 0.000 381
223 0.000 663
224 0.016 880
225 0.000 841
226 0.000 680
227 0.000 523
228 0.016 394
229 0.000 344
230 0.000 461
231 0.000 746
232 0.015 992
233 0.000 963
234 0.016 758
235 0.000 595
236 0.000 489
237 0.015 449
238 0.000 593
239 0.000 970
240 0.016 1289
241 0.000 1226
242 0.016 945
243 0.000 707
244 0.015 555
245 0.000 527
246 0.016 728
247 0.000 1170
248 0.016 1579
249 0.000 1590
250 0.015 1267
251 0.016 965
252 0.000 790
253 0.015 730
254 0.016 887
255 0.000 1358
256 0.016 1812
257 0.015 1801
258 0.016 1422
259 0.016 1089
260 0.000 948
261 0.031 951
262 0.015 1174
263 0.000 1740
264 0.016 2305
265 0.031 2272
266 0.016 1754
267 0.016 1274
268 0.015 1057
269 0.016 1081
270 0.031 1400
271 0.016 2091
272 0.015 2809
273 0.032 2890
274 0.015 2322
275 0.031 1722
276 0.016 1420
277 0.031 1421
278 0.032 1707
279 0.015 2408
280 0.031 3229
281 0.032 3339
282 0.031 2674
283 0.031 1991
284 0.031 1711
285 0.032 1775
286 0.047 2203
287 0.031 3058
288 0.031 3990
289 0.031 4127
290 0.047 3287
291 0.047 2362
292 0.031 1948
293 0.047 2060
294 0.047 2601
295 0.047 3632
296 0.031 4786
297 0.063 5084
298 0.062 4228
299 0.047 3118
300 0.047 2588
301 0.062 2675
302 0.063 3226
303 0.062 4261
304 0.047 5511
305 0.078 5853
306 0.079 4865
307 0.078 3634
308 0.047 3108
309 0.078 3333
310 0.093 4106
311 0.094 5418
312 0.063 6804
313 0.078 7121
314 0.094 5896
315 0.109 4264
316 0.078 3497
317 0.094 3825
318 0.125 4865
319 0.109 6384
320 0.094 8145
321 0.109 8769
322 0.125 7417
323 0.141 5486
324 0.093 4523
325 0.125 4756
326 0.141 5848
327 0.172 7552
328 0.125 9385
329 0.125 10090
330 0.172 8737
331 0.187 6533
332 0.141 5426
333 0.156 5919
334 0.187 7383
335 0.219 9400
336 0.172 11542
337 0.156 12215
338 0.219 10446
339 0.234 7719
340 0.204 6250
341 0.187 6783
342 0.234 8701
343 0.282 11179
344 0.234 13682
345 0.203 14777
346 0.266 12989
347 0.312 9761
348 0.281 7870
349 0.219 8344
350 0.313 10410
351 0.343 13062
352 0.329 15750
353 0.234 16929
354 0.344 15071
355 0.406 11624
356 0.359 9547
357 0.266 10240
358 0.391 12957
359 0.453 16222
360 0.421 19196
361 0.297 20347
362 0.438 17940
363 0.500 13602
364 0.484 11008
365 0.344 11803
366 0.484 15203
367 0.578 19350
368 0.547 22869
369 0.391 24440
370 0.547 22142
371 0.640 17069
372 0.641 13642
373 0.453 14359
374 0.609 18051
375 0.719 22495
376 0.734 26384
377 0.532 28036
378 0.672 25480
379 0.812 20168
380 0.828 16550
381 0.625 17463
382 0.750 22179
383 0.906 27768
384 0.953 32034
385 0.735 33477
386 0.828 30263
387 1.031 23668
388 1.063 18972
389 0.844 20102
390 0.922 25957
391 1.156 32837
392 1.219 38178
393 0.984 40229
394 1.031 36875
395 1.297 29406
396 1.391 23623
397 1.140 24166
398 1.141 30474
399 1.453 38162
400 1.594 43862
401 1.312 46032
402 1.266 42546
403 1.640 34510
404 1.766 28354
405 1.515 29346
406 1.407 37005
407 1.828 46388
408 2.015 52843
409 1.734 54555
410 1.547 50119
411 2.063 40616
412 2.265 32863
413 1.985 33816
414 1.703 43260
415 2.343 54691
416 2.578 62725
417 2.282 65245
418 1.875 60437
419 2.562 49718
420 2.890 40632
421 2.594 40774
422 2.078 50755
423 2.859 63691
424 3.250 72409
425 2.985 74698
426 2.296 69524
427 3.188 58056
428 3.640 48245
429 3.391 49032
430 2.531 61236
431 3.578 76721
432 4.094 86735
433 3.875 88394
434 2.781 81320
435 3.968 67616
436 4.547 55907
437 4.391 56384
438 3.093 70959
439 4.406 90108
440 5.125 102617
441 5.000 105265
442 3.578 97834
443 4.890 82100
444 5.703 68125
445 5.672 67689
446 4.125 82950
447 5.437 104219
448 6.328 118562
449 6.422 120926
450 4.750 112617
451 6.015 96309
452 7.109 81231
453 7.281 80964
454 5.453 99467
455 6.672 124663
456 7.874 140692
457 8.188 142373
458 6.265 131270
459 7.375 111464
460 8.812 94086
461 9.250 93644
462 7.171 115055
463 8.156 145610
464 9.797 165868
465 10.406 168472
466 8.218 156473
467 9.000 134294
468 10.875 113652
469 11.702 111583
470 9.438 134378
471 9.906 168312
472 12.234 191138
473 13.140 193759
474 10.718 180008
475 10.922 156384
476 13.546 135068
477 14.718 133645
478 12.266 160213
479 12.046 200186
480 15.109 226516
481 16.546 227283
482 13.890 209113
483 13.250 180508
484 16.843 155343
485 18.499 153961
486 15.765 185215
487 14.547 232697
488 18.749 265628
489 20.718 268557
490 17.906 248105
491 16.015 215744
492 20.765 186383
493 23.109 182361
494 20.296 215444
495 17.593 268098
496 23.187 305384
497 25.796 308682
498 22.921 285599
499 19.296 250713
500 25.718 220569
501 28.656 217787
502 26.061 255892
503 21.172 317326
504 28.374 360322
505 32.030 361405
506 29.374 331454
507 23.171 289274
508 31.342 253654
509 35.515 250520
510 32.952 295349
511 25.390 367649
512 34.764 420466
513 39.484 425169
514 37.295 391556
515 27.781 342956
516 38.201 302142
517 44.030 296004
518 41.936 342235
519 31.015 422095
520 42.139 482309
521 48.608 487448
522 46.951 449714
523 35.343 397596
524 46.451 355278
525 53.889 351372
526 52.624 405823
527 40.280 497115
528 51.076 565620
529 59.951 569274
530 59.342 521109
531 45.483 457658
532 56.733 408802
533 66.138 405060
534 66.467 468025
535 51.686 575473
536 62.107 658583
537 73.107 666938
538 74.138 613330
539 58.952 539914
540 68.544 483211
541 80.904 476277
542 83.122 542170
543 66.451 659618
544 75.185 754041
545 89.044 764202
546 92.763 703683
547 75.185 623761
548 82.310 564959
549 98.528 561781
550 103.466 639196
551 84.903 773552
552 90.591 880454
553 109.153 889424
554 114.949 814223
555 95.935 716934
556 99.059 648340
557 120.856 646533
558 128.324 736487
559 108.496 892585
560 109.091 1022189
561 134.339 1039507
562 142.730 955350
563 121.855 843127
564 119.090 762858
565 148.121 756444
566 158.573 851355
567 171.588 1021689
568 130.699 1166593
569 163.605 1189003
570 176.072 1096225
571 154.042 972557
572 142.558 889314
573 181.166 889252
574 195.400 999691
575 172.932 1192998
576 155.011 1356179
577 199.259 1377213
578 216.431 1264139
579 194.525 1116012
580 169.604 1018923
581 220.493 1022372
582 239.711 1151894
583 217.399 1375233
584 185.682 1569292
585 241.523 1603866
586 264.101 1478175
587 243.164 1306480
588 202.650 1192993
589 266.382 1191832
590 293.085 1329377
591 271.913 1573351
592 219.930 1790237
593 292.694 1831908
594 323.662 1693877
595 303.725 1504493
596 240.648 1384630
597 319.990 1394311
598 357.145 1555681
599 338.973 1830578
600 268.461 2073653
601 352.238 2116745
602 393.925 1949222
603 377.973 1722275
604 297.443 1582249
605 386.566 1597355
606 432.158 1787644
607 421.111 2106521
608 334.490 2392362
609 424.986 2455802
610 478.001 2274033
611 468.813 2011568
612 376.910 1844976
613 464.688 1856081
614 525.921 2059384
615 521.342 2405825
616 429.159 2725031
617 508.999 2801641
618 588.372 2602698
619 579.372 2314954
620 477.532 2138433
621 556.310 2163674
622 635.292 2402432
623 643.371 2792718
624 536.514 3145921
625 607.497 3225492
626 697.446 2989110
627 713.571 2646738
628 606.325 2438806
629 663.932 2474331
630 765.272 2755508
631 796.162 3206091
632 680.104 3619507
633 726.837 3728430
634 837.161 3471750
635 881.285 3080131
636 762.930 2833989
637 794.303 2863810
638 918.581 3168172
639 975.173 3658954
640 856.879 4116751
641 865.911 4247029
642 1062.170 3968641
643 1078.560 3537497
644 958.817 3275520
645 943.861 3327560
646 1115.184 3683927
647 1191.729 4238177
648 1066.435 4742184
649 1028.999 4876341
650 1221.978 4549522
651 1309.193 4041128
652 1183.276 3730055
653 1122.996 3797731
654 1352.177 4218732
655 1452.048 4856596
656 1319.741 5443918
657 1222.915 5620779
658 1476.282 5265058
659 1592.934 4686322
660 1480.126 4320263
661 1335.193 4379323
662 1619.434 4837290
663 1889.852 5537898
664 1618.487 6184384
665 1529.630 6390037
666 1869.897 6011466
667 2074.585 5375409
668 1800.228 4978785
669 1688.422 5070694
670 2040.515 5606475
671 2284.000 6394586
672 2007.115 7108361
673 1804.377 7322367
674 2241.225 6875948
675 2517.782 6135198
676 2241.647 5668992
677 1995.820 5777123
678 2445.570 6406797
679 2767.570 7317785
680 2448.439 8141220
681 2129.045 8414898
682 2680.756 7936085
683 3041.303 7093304
684 2729.599 6544756
685 2311.316 6644398
686 2941.917 7329191
687 3321.386 8328783
688 3012.240 9237574
689 2514.148 9549378
690 3220.968 9041590
691 3659.268 8125492
692 3331.854 7528034
693 2723.827 7668567
694 3511.489 8470367
695 4013.715 9595499
696 3691.294 10590779
697 2951.604 10916109
698 3820.758 10319531
699 4402.905 9257436
700 4083.917 8564392
701 4412.45605 8729096
702 6210.59131 9664856
703 6370.49023 10968283
704 6277.53613 12115485
705 5528.49951 12513402
706 6148.52002 11874487
707 6912.87109 10675262
708 6917.21582 9857142
709 5368.53320 10008396
710 6706.71143 11033783
711 7711.60840 12466024
712 7637.15771 13730925
713 5998.96680 14185047
714 7559.62451 13503529
715 8308.48926 12200957
716 8582.73438 11315028
717 7063.60889 11514653
718 7925.26221 12704816
719 9091.23926 14325817
720 9310.90918 15710900
721 7442.73096 16179101
722 8631.19434 15385832
723 10030.06543 13883502
724 10205.53027 12853644
725 8257.61133 13086794
726 9793.64258 14469298
727 10841.92188 16342422
728 11715.65918 17942364
729 9717.66504 18510284
730 10609.86914 17658918
731 11783.07227 15976071
732 12805.47461 14770334
733 10243.83105 14971127
734 11094.82520 16485545
735 12902.35156 18550044
736 13643.52148 20307571
737 11346.66797 20950828
738 12980.14941 20049078
739 14109.19141 18224414
740 15120.99902 16922892
741 12653.77344 17189276
742 13019.78125 18928401
743 15338.67676 21263139
744 16744.97852 23192210
745 14022.24316 23842479
746 14079.59082 22788926
747 17166.85352 20706198
748 18029.72852 19201325
749 15502.07715 19504739
750 16435.82617 21524369
751 17820.82227 24217412
752 19816.47656 26437827
753 16696.50977 27223787
754 17064.81445 26087388
755 19748.42383 23755395
756 21210.80859 22016993
757 18319.62891 22274764
758 19174.52148 24474521
759 21367.17773 27456856
760 23159.50586 29905730
761 20520.10938 30777481
762 20023.79102 29573822
763 24300.41016 27054432
764 26813.31250 25167571
765 23471.37891 25509401
766 21532.70117 28032768
767 26425.95312 31393930
768 27610.41406 34086965
769 25100.28320 34973064
770 26327.04688 33555134
771 27670.32422 30688721
772 30134.74023 28527789
773 28681.15820 28902757
774 25290.38086 31810510
775 29700.38477 35692116
776 33723.38281 38790834
777 30313.42578 39850015
778 28462.98633 38323485
779 35056.92969 35123189
780 37329.60938 32637723
781 33468.76953 32947806
782 32847.89844 36109512
783 35676.44922 40404662
784 39355.15625 43836610
785 37712.87500 45008773
786 31778.37305 43380920
787 38510.02734 39939184
788 42991.39844 37249458
789 40492.97656 37650449
790 34396.59375 41258994
791 43603.53125 46097537
792 46700.35547 49867073
793 46383.96094 51057923
794 39304.66797 49139563
795 50472.03906 45226788
796 52790.25000 42175647
797 49136.27344 42619067
798 42531.28125 46738356
799 49874.76953 52307841
800 57052.18359 56656889
801 54046.76172 58062780
802 43296.45312 55985979
803 53846.33203 51639109
804 61068.99609 48143016
805 59161.86719 48488335
806 47809.94141 52974377
807 61796.83984 59132578
808 65678.94531 63947994
809 67676.85156 65515325
810 57268.39062 63290143
811 65409.29297 58612596
812 71808.38281 54856024
813 72430.85938 55314856
814 56617.54297 60394931
815 68154.36719 67328639
816 79726.24219 72632976
817 78142.96875 74202890
818 63235.60156 71576023
819 74993.75781 66275268
820 84408.17188 62026870
821 85761.15625 62541731
822 72925.54688 68325924
823 80272.00781 76273150
824 92825.01562 82390067
825 97157.70312 84250891
826 77294.87500 81377914
827 91348.01562 75487297
828 105205.35156 70651721
829 106792.42188 71018384
830 85336.96875 77300712
831 103240.05469 86098456
832 107886.65625 92889016
833 112329.60938 94961520
834 100901.72656 91878273
835 102389.19531 85539761
836 117636.83594 80351025
837 124915.76562 80869421
838 103285.37500 87946619
839 111313.02344 97816156
840 130611.06250 105325942
841 134011.75000 107414437
842 118384.25000 103760071
843 134000.70312 96595226
844 143980.96875 90758970
845 146416.26562 91328807
846 129796.90625 99360197
847 129710.67188 110634410
848 150926.14062 119267971
849 163220.39062 121757159
850 138036.65625 117760510
851 139751.37500 109790672
852 178254.96875 103182503
853 174418.68750 103559851
854 151047.57812 112243552
855 163765.01562 124699826
856 178109.73438 134303048
857 231141.34375 137073849
858 200050.78125 132761479
859 162741.20312 124202499
860 192311.92188 117138961
861 210239.67188 117713598
862 182747.17188 127478046
863 176325.68750 141411392
864 215464.12500 152024357
865 225807.56250 154832505
866 200276.37500 149723750
867 208762.43750 140039133
868 227493.54688 132142098
869 246225.21875 132802449
870 220797.68750 143837119
871 203229.71875 159713505
872 291289.37500 171905657
873 293043.84375 175239789
874 241777.34375 169626527
875 220071.78125 158849689
876 280737.31250 149926518
877 291387.84375 150343212
878 265927.34375 162272388
879 259382.75000 179771828
880 290085.40625 193351130
881 316711.81250 197101978
882 297003.53125 191006733
883 255649.79688 179404176
884 315226.62500 169894002
885 346745.59375 170569958
886 320027.46875 183937663
887 343916.81250 203485894
888 376079.50000 218495283
889 371763.00000 222327424
890 354252.56250 215161998
891 332940.28125 202030289
892 367381.03125 191410618
893 404590.81250 192228410
894 385033.81250 207288352
895 318912.03125 229457814
896 397863.12500 246691900
897 439487.09375 251266237
898 417568.50000 243360200
899 355728.81250 228761048
900 472007.40625 216811398
901 495217.87500 217302496
902 459689.43750 233565352
903 403647.12500 257971542
904 466026.65625 277128642
905 518031.40625 282303026
906 500457.71875 273732632
907 411978.84375 257974358
908 502410.75000 245255917
909 570654.43750 246140264
910 543408.50000 264307477
911 462252.81250 291467256
912 541634.12500 312662320
913 618063.81250 317990805
914 594376.81250 307925343
915 510640.40625 290121213
916 629921.31250 275971268
917 654918.75000 277069917
918 650661.00000 297522218
919 524423.43750 328228322
920 632344.43750 352463747
921 710894.87500 358853712
922 723683.87500 347751737
923 571826.18750 327903162
924 679476.31250 312029033
925 789828.31250 312769002
926 772338.12500 334834193
927 632830.06250 368596435
928 788862.43750 395536997
929 831685.56250 402771862
930 844327.43750 390739585
931 739233.43750 369293298
932 791627.06250 352376064
933 904788.25000 353688065
934 948721.12500 378325575
935 758049.75000 415775491
936 854037.87500 445553482
937 998079.00000 453114381
938 994815.75000 439021845
939 827638.12500 414770149
940 981774.12500 396014128
941 1047597.06250 397659051
942 1077264.25000 425345522
943 978805.93750 467602015
944 989728.43750 501547327
945 1178216.37500 510580928
946 1225117.62500 495093850
947 1052024.37500 468034470
948 1133440.75000 446958544
949 1284765.37500 448238086
950 1346992.50000 478127495
951 1108622.12500 524475634
952 1152180.00000 562203936
953 1361170.62500 572515161
954 1387995.25000 555704615
955 1200813.25000 526436490
956 1329442.12500 504022336
957 1438076.50000 506083025

959 1395736.37500 590730636
960 1356001.00000 632335348


963 1445843.25000 590576126
964 1428599.25000 565722109


















































