1 0.001 1
2 0.000 0
3 0.001 0
4 0.000 0
5 0.000 1
6 0.001 1
7 0.000 0
8 0.001 0
9 0.000 1
10 0.001 2
11 0.000 1
12 0.000 0
13 0.000 1
14 0.000 3
15 0.001 3
16 0.000 1
17 0.000 1
18 0.000 4
19 0.001 5
20 0.000 2
21 0.000 1
22 0.000 5
23 0.000 8
24 0.000 5
25 0.000 2
26 0.001 6
27 0.000 12
28 0.000 9
29 0.000 3
30 0.001 7
31 0.000 16
32 0.001 15
33 0.000 6
34 0.001 8
35 0.001 21
36 0.001 23
37 0.001 11
38 0.000 10
39 0.000 27
40 0.000 34
41 0.001 19
42 0.000 13
43 0.000 33
44 0.000 47
45 0.000 31
46 0.000 18
47 0.000 40
48 0.000 64
49 0.001 48
50 0.001 26
51 0.000 49
52 0.001 84
53 0.000 71
54 0.001 39
55 0.000 59
56 0.001 108
57 0.000 102
58 0.001 58
59 0.000 72
60 0.001 136
61 0.000 142
62 0.001 86
63 0.000 90
64 0.001 170
65 0.001 193
66 0.000 126
67 0.001 113
68 0.000 208
69 0.001 256
70 0.000 180
71 0.001 145
72 0.001 254
73 0.000 334
74 0.001 253
75 0.000 190
76 0.001 308
77 0.000 428
78 0.001 350
79 0.000 251
80 0.001 373
81 0.000 542
82 0.001 474
83 0.000 334
84 0.000 451
85 0.001 677
86 0.000 633
87 0.001 447
88 0.000 548
89 0.001 837
90 0.000 833
91 0.001 597
92 0.000 667
93 0.001 1026
94 0.000 1080
95 0.001 794
96 0.000 818
97 0.001 1249
98 0.001 1384
99 0.000 1052
100 0.001 1008
101 0.000 1511
102 0.000 1755
103 0.001 1383
104 0.000 1250
105 0.001 1821
106 0.000 2201
107 0.000 1804
108 0.001 1558
109 0.000 2186
110 0.001 2736
111 0.000 2336
112 0.001 1952
113 0.000 2620
114 0.000 3374
115 0.001 2999
116 0.000 2451
117 0.001 3137
118 0.000 4129
119 0.000 3819
120 0.001 3086
121 0.000 3755
122 0.001 5020
123 0.000 4827
124 0.000 3887
125 0.001 4498
126 0.000 6070
127 0.001 6054
128 0.000 4894
129 0.000 5396
130 0.001 7300
131 0.000 7538
132 0.001 6152
133 0.000 6482
134 0.001 8742
135 0.001 9324
136 0.000 7718
137 0.001 7803
138 0.001 10432
139 0.000 11459
140 0.001 9651
141 0.001 9412
142 0.000 12408
143 0.001 13998
144 0.000 12030
145 0.000 11373
146 0.001 14722
147 0.000 17006
148 0.001 14936
149 0.001 13765
150 0.000 17436
151 0.001 20553
152 0.001 18470
153 0.000 16685
154 0.000 20617
155 0.001 24720
156 0.000 22744
157 0.000 20240
158 0.001 24355
159 0.000 29604
160 0.001 27890
161 0.001 24568
162 0.000 28755
163 0.000 35310
164 0.001 34052
165 0.000 29825
166 0.000 33938
167 0.001 41960
168 0.000 41404
169 0.000 36193
170 0.001 40055
171 0.000 49701
172 0.000 50133
173 0.001 43889
174 0.000 47287
175 0.000 58695
176 0.001 60461
177 0.001 53167
178 0.000 55841
179 0.001 69132
180 0.001 72633
181 0.001 64311
182 0.000 65972
183 0.001 81239
184 0.001 86933
185 0.001 77663
186 0.000 77981
187 0.001 95272
188 0.001 103675
189 0.001 93609
190 0.001 92215
191 0.000 111532
192 0.001 123227
193 0.001 112590
194 0.001 109089
195 0.001 130376
196 0.001 145992
197 0.001 135117
198 0.001 129095
199 0.001 152214
200 0.001 172441
201 0.001 161775
202 0.000 152792
203 0.000 177526
204 0.000 203101
205 0.000 193217
206 0.000 180845
207 0.000 206879
208 0.000 238575
209 0.000 230204
210 0.000 214026
211 0.000 240929
212 0.000 279544
213 0.001 273591
214 0.001 253218
215 0.001 280440
216 0.001 326797
217 0.001 324342
218 0.001 299451
219 0.000 326313
220 0.001 381215
221 0.001 383559
222 0.001 353915
223 0.001 379587
224 0.001 443823
225 0.002 452489
226 0.001 417962
227 0.002 441471
228 0.002 515780
229 0.001 532523
230 0.002 493154
231 0.001 513379
232 0.001 598418
233 0.001 625257
234 0.002 581279
235 0.002 596938
236 0.002 693257
237 0.002 732481
238 0.002 684366
239 0.001 694034
240 0.002 802051
241 0.002 856207
242 0.002 804732
243 0.002 806855
244 0.002 926788
245 0.002 998718
246 0.002 945021
247 0.002 937912
248 0.002 1069772
249 0.002 1162592
250 0.003 1108211
251 0.002 1090098
252 0.003 1233629
253 0.003 1350714
254 0.003 1297690
255 0.003 1266746
256 0.003 1421376
257 0.003 1566369
258 0.003 1517297
259 0.003 1471666
260 0.003 1636467
261 0.004 1813252
262 0.004 1771350
263 0.003 1709222
264 0.003 1882878
265 0.004 2095522
266 0.004 2064730
267 0.003 1984411
268 0.003 2165133
269 0.005 2417893
270 0.005 2402950
271 0.004 2302920
272 0.004 2488447
273 0.005 2785693
274 0.005 2792191
275 0.004 2671226
276 0.005 2858767
277 0.006 3204911
278 0.006 3239423
279 0.005 3096705
280 0.004 3282895
281 0.006 3682353
282 0.007 3752486
283 0.006 3587715
284 0.006 3768606
285 0.007 4225699
286 0.008 4340166
287 0.006 4153728
288 0.006 4324788
289 0.008 4843618
290 0.009 5012334
291 0.008 4805478
292 0.007 4961538
293 0.009 5545935
294 0.010 5780082
295 0.009 5555076
296 0.007 5690406
297 0.010 6343771
298 0.012 6655821
299 0.010 6416194
300 0.008 6524506
301 0.012 7249667
302 0.013 7653480
303 0.012 7404255
304 0.012 7478747
305 0.013 8277855
306 0.015 8788684
307 0.014 8536599
308 0.011 8570062
309 0.016 9444421
310 0.019 10078917
311 0.016 9832732
312 0.011 9817672
313 0.018 10767539
314 0.020 11543775
315 0.019 11314574
316 0.013 11243304
317 0.018 12267789
318 0.022 13205237
319 0.024 13006700
320 0.015 12871598
321 0.022 13968451
322 0.025 15087884
323 0.029 14936669
324 0.019 14730371
325 0.024 15895789
326 0.029 17219269
327 0.030 17135358
328 0.022 16851024
329 0.032 18079534
330 0.033 19630269
331 0.034 19637302
332 0.025 19268979
333 0.028 20553255
334 0.036 22355437
335 0.038 22481129
336 0.030 22024154
337 0.043 23354821
338 0.041 25433485
339 0.043 25710021
340 0.033 25161403
341 0.035 26526995
342 0.046 28907799
343 0.049 29372179
344 0.039 28731218
345 0.039 30118019
346 0.051 32826929
347 0.055 33521415
348 0.045 32790251
349 0.043 34182207
350 0.058 37245270
351 0.063 38217777
352 0.052 37402043
353 0.047 38780800
354 0.065 42223762
355 0.071 43528190
356 0.062 42637822
357 0.052 43982724
358 0.073 47830619
359 0.080 49527266
360 0.071 48577350
361 0.058 49865477
362 0.082 54142232
363 0.089 56298149
364 0.081 55309773
365 0.063 56516209
366 0.092 61244176
367 0.102 63933405
368 0.093 62934810
369 0.105 64032837
370 0.113 69232204
371 0.115 72536125
372 0.107 71563764
373 0.077 72525193
374 0.115 78213523
375 0.129 82221070
376 0.122 81320812
377 0.084 82116538
378 0.128 88308150
379 0.145 93115915
380 0.140 92344428
381 0.097 92945010
382 0.142 99650334
383 0.162 105362738
384 0.160 104788910
385 0.113 105165263
386 0.158 112390273
387 0.181 119119590
388 0.182 118825948
389 0.132 118950403
390 0.175 126695995
391 0.206 134562211
392 0.207 134646678
393 0.153 134494028
394 0.195 142755308
395 0.231 151886051
396 0.235 152463573
397 0.178 152012365
398 0.215 160778161
399 0.258 171308421
400 0.266 172512720
401 0.205 171746916
402 0.238 180999174
403 0.290 193070849
404 0.301 195056371
405 0.237 193967115
406 0.263 203680356
407 0.326 217441827
408 0.340 220385669
409 0.272 218973287
410 0.291 229114252
411 0.366 244719749
412 0.384 248823528
413 0.313 247100056
414 0.320 257627413
415 0.407 275236130
416 0.433 280728204
417 0.360 278719992
418 0.354 289584059
419 0.456 309359340
420 0.485 316496768
421 0.411 314247470
422 0.390 325390350
423 0.507 347498600
424 0.546 356569182
425 0.470 354143259
426 0.430 365499013
427 0.565 390108370
428 0.613 401432831
429 0.535 398919283
430 0.471 410414333
431 0.627 437693404
432 0.684 451627416
433 0.611 449143855
434 0.517 460697829
435 0.701 490814160
436 0.769 507750202
437 0.693 505447624
438 0.565 516974487
439 0.777 550092769
440 0.851 570462268
441 0.785 568529992
442 0.639 579939414
443 0.864 616219843
444 0.957 640494863
445 0.894 639165955
446 0.679 650365441
447 0.954 689961779
448 1.064 718656665
449 1.006 718214040
450 0.746 729111366
451 1.059 772168834
452 1.185 805841871
453 1.135 806624677
454 0.825 817130886
455 1.173 863784245
456 1.311 903038969
457 1.286 905449386
458 0.943 915482626
459 1.297 965854074
460 1.458 1011340209
461 1.448 1015851084
462 1.084 1025341099
463 1.433 1079538050
464 1.622 1131952629
465 1.629 1139115269
466 1.238 1148008520
467 1.580 1206121763
468 1.810 1266209538
469 1.838 1276662041
470 1.415 1284928083
471 1.740 1347029846
472 2.036 1415583458
473 2.054 1430059771
474 1.626 1437698373
475 1.912 1503840467
476 2.273 1581700507
477 2.321 1601039729
478 1.837 1608089031
479 2.097 1678301573
480 2.520 1766356029
481 2.588 1791512082
482 2.086 1798058151
483 2.314 1872348446
484 2.808 1971531589
485 2.899 2003583715
486 2.391 2009771290
487 2.539 2088122991
488 3.107 2199414354
489 3.258 2239577645
490 2.710 2245622013
491 2.793 2327995272
492 3.457 2452417647
493 3.618 2502053973
494 3.090 2508254770
495 3.065 2594586780
496 3.852 2733203876
497 4.057 2793833437
498 3.481 2800589745
499 3.352 2890796003
500 4.283 3044709903
501 4.520 3118022810
502 3.924 3125849867
503 3.673 3219826837
504 4.693 3390174711
505 5.019 3478042655
506 4.415 3487590662
507 4.023 3585219314
508 5.256 3773169507
509 5.652 3877658087
510 5.152 3889732787
511 4.444 3990883325
512 5.786 4197631614
513 6.246 4321012325
514 5.705 4336597311
515 4.847 4441135954
516 6.387 4667900800
517 6.992 4812663057
518 6.501 4832944724
519 5.272 4940741900
520 7.020 5188759473
521 7.649 5357622957
522 7.124 5384017302
523 5.749 5494957760
524 7.752 5765477038
525 8.477 5961403584
526 8.006 5995585228
527 6.279 6109580912
528 8.517 6403858250
529 9.406 6630063357
530 8.990 6673997308
531 6.844 6791002475
532 9.389 7110295881
533 10.434 7370260474
534 9.998 7426236216
535 7.529 7546265225
536 10.326 7891829443
537 11.491 8189310700
538 11.278 8259978490
539 8.368 8383127405
540 11.351 8756208458
541 12.695 9095250138
542 12.588 9183660553
543 9.479 9310131838
544 12.430 9711962130
545 13.986 10096904709
546 14.045 10206550455
547 10.730 10336681435
548 13.654 10768475919
549 15.440 11203965671
550 15.648 11338825972
551 12.129 11473122205
552 14.971 11936074999
553 17.172 12427072062
554 17.462 12591660255
555 13.692 12730833158
556 16.390 13226115135
557 18.978 13777901365
558 19.408 13977315058
559 15.423 14122324449
560 17.963 14651083206
561 21.029 15269268486
562 21.625 15509242075
563 17.392 15661345049
564 19.647 16224705914
565 23.248 16915233379
566 23.998 17202194109
567 19.587 17362999358
568 21.489 17962068923
569 25.637 18731219641
570 26.687 19072345871
571 22.253 19243874413
572 23.464 19879747396
573 28.279 20734143507
574 29.582 21137425513
575 24.686 21322179165
576 25.680 21995948149
577 31.211 22942554594
578 32.545 23416858549
579 27.763 23617895383
580 27.951 24330664252
581 34.378 25376790210
582 36.336 25931924429
583 31.019 26152942087
584 30.526 26905845126
585 37.924 28059143678
586 40.165 28705926830
587 34.762 28951355331
588 33.255 29745580682
589 41.817 31014047442
590 44.098 31764379994
591 38.975 32039483008
592 36.275 32876302473
593 45.762 34268273999
594 48.996 35135211226
595 43.403 35446196925
596 39.502 36327003472
597 50.169 37851154512
598 53.800 38848981335
599 48.554 39203124425
600 42.999 40129477067
601 55.201 41794817044
602 59.352 42939125392
603 54.275 43344899336
604 46.786 44318576757
605 60.561 46134447060
606 65.783 47442214561
607 60.178 47909434974
608 50.853 48932500547
609 66.478 50908571290
610 75.933 52398240851
611 67.699 52938222003
612 55.427 54013098965
613 73.102 56159366335
614 80.291 57850928093
615 75.075 58476651101
616 60.312 59606210653
617 79.947 61932996266
618 87.942 63848069819
619 83.407 64574363827
620 65.370 65762028061
621 87.681 68279979672
622 96.819 70441896883
623 92.535 71285635008
624 71.530 72535494683
625 95.669 75255589115
626 105.567 77689478368
627 103.055 78669786983
628 78.831 79986736144
629 104.206 82920286916
630 115.720 85653157298
631 114.468 86791639805
632 88.352 88181530679
633 113.933 91340199293
634 127.884 94401024330
635 126.130 95722001434
636 98.641 97191818639
637 124.398 100587631433
638 139.669 104007434181
639 139.354 105538198783
640 110.644 107096256339
641 135.373 110741629353
642 153.306 114553566439
643 154.538 116324654545
644 123.655 117980818413
645 147.839 121888590148
646 168.257 126128035333
647 171.146 128173514763
648 138.573 129939451277
649 163.694 134122925206
650 191.826 138827553679
651 187.988 141185328683
652 153.723 143074781511
653 175.125 147547782106
654 207.111 152757653965
655 210.133 155469786820
656 171.852 157498886929
657 190.896 162275828898
658 222.506 168033471724
659 228.312 171146523449
660 190.996 173334131204
661 206.936 178430105145
662 244.387 184780598174
663 252.451 188345985816
664 213.237 190714069644
665 225.281 196144948014
666 271.695 203136005539
667 278.103 207210377373
668 237.312 209784432522
669 245.310 215566996953
670 294.240 223249052129
671 309.315 227894682683
672 263.841 230704190691
673 265.553 236856283921
674 322.058 245282575160
675 335.105 250567777372
676 292.145 253646709689
677 288.120 260187417785
678 352.321 269414076495
679 383.266 275413632122
680 334.347 278801003238
681 318.800 285750869123
682 387.307 295837009605
683 404.691 302632620098
684 357.968 306373089441
685 335.838 313754362694
686 414.648 324762178139
687 436.957 332442932613
688 395.710 336587460497
689 364.370 344424389596
690 452.666 356419252326
691 479.249 365082114128
692 437.877 369688675983
693 395.180 378007845602
694 492.555 391058414280
695 526.735 400808728090
696 485.676 405943087857
697 428.049 414773806568
698 537.312 428952144253
699 576.717 439904160397
700 535.377 445640707015
701 463.867 455015453779
702 585.812 470397156768
703 633.066 482674573999
704 593.253 489097227314
705 502.337 499052159498
706 638.291 515716499711
707 688.023 529453028922
708 652.893 536656214137
709 544.300 547231744670
710 695.964 565261831932
711 754.059 580601776918
712 722.359 588691473474
713 588.870 599932926151
714 759.674 619415890222
715 822.512 636514747305
716 793.932 645609617190
717 636.590 657567964969
718 824.353 678595162712
719 897.656 697620241747
720 875.006 707852837901
721 702.968 720585532384
722 897.002 743252787068
723 983.722 764383850182
724 965.767 775901909383
725 764.775 789473813130
726 975.891 813881688319
727 1072.330 837311608300
728 1064.250 850279435635
729 846.535 864763862584
730 1064.999 891017976705
731 1169.315 916953418589
732 1169.987 931553362085
733 940.541 947033236827
734 1156.712 975244629016
735 1278.750 1003906750906
736 1282.774 1020340772843
737 1045.608 1036909921387
738 1251.512 1067195471587
739 1404.470 1098820647889
740 1412.833 1117311998129
741 1158.785 1135076577856
742 1362.538 1167559491125
743 1528.958 1202400062275
744 1549.317 1223195054001
745 1285.645 1242275134286
746 1478.462 1277085501405
747 1671.652 1315410547034
748 1699.810 1338780439479
749 1419.103 1359311748815
750 1603.886 1396587189924
751 1825.141 1438683329504
752 1866.435 1464926325351
753 1577.568 1487062173076
754 1736.876 1526948576091
755 1997.755 1573120802963
756 2037.301 1602564158450
757 1731.697 1626477545608
758 1875.342 1669129916369
759 2167.873 1719702462745
760 2230.476 1752704717279
761 1920.894 1778590653544
762 2030.827 1824174086054
763 2368.864 1879491325282
764 2448.473 1916444656469
765 2119.076 1944522693930
766 2206.577 1993213477740
767 2579.168 2053640871405
768 2681.739 2094973575450
769 2348.927 2125490574722
770 2387.803 2177477459100
771 2812.560 2243402548750
772 2926.487 2289581650992
773 2578.216 2322814800025
774 2582.882 2378300428621
775 3060.117 2450133880484
776 3189.488 2501667884835
777 2843.246 2537927981689
778 2782.623 2597130517731
779 3325.723 2675307231560
780 3484.032 2732749006178
781 3127.806 2772384024579
782 3013.755 2835538992922
783 3620.438 2920519276792
784 3803.069 2984469083724
785 3444.860 3027868042846
786 3252.434 3095230405484
787 3936.901 3187501229049
788 4158.921 3258609904828
789 3803.319 3306207057607
790 3522.127 3378053549769
791 4287.543 3478129890748
792 4521.933 3557102177920
793 4161.510 3609381537490
794 3797.795 3686013294954
795 4664.690 3794439584817
796 4927.051 3882037620421
797 4579.388 3939537849949
798 4093.026 4021283351211
799 5039.152 4138635037048
800 5381.775 4235682008733
801 5041.821 4299001689297
802 4431.468 4386220044405
803 5475.080 4513105287696
804 5853.411 4620489255478
805 5515.063 4690292555065
806 7868.52783 4783377180423
807 10182.12012 4920438703260
808 10876.54980 5039116596993
809 10002.33105 5116139367126
810 8730.35742 5215522074296
811 10479.32520 5363439177130
812 11434.18066 5494440979460
813 11008.75000 5579497297125
814 8872.58008 5685652836775
815 11298.31348 5845143614890
816 12618.03418 5989576731916
817 12010.80273 6083565910695
818 9745.51270 6197017016896
819 12695.50000 6368840793703
820 13360.86816 6527894622667
821 13818.71094 6631808723714
822 11543.65625 6753131695844
823 13748.14941 6938091704786
824 14535.77539 7113042414502
825 14861.68457 7227974275133
826 11460.51660 7357805144949
827 14272.43066 7556751497027
828 16002.27344 7748967022616
829 15734.47559 7876118830441
830 12637.57910 8015160170420
831 16215.06543 8228993133779
832 17154.50977 8439938401572
833 17165.79297 8580630845914
834 14742.48535 8729659262382
835 16666.22070 8959332896947
836 19390.33008 9190575296543
837 21115.08008 9346257318386
838 15972.55664 9506131688460
839 17859.38477 9752657883684
840 20358.82812 10005872995683
841 20483.77148 10178132165026
842 16826.73633 10349802681418
843 20426.95312 10614255635579
844 22072.75586 10891233232986
845 22326.99414 11081806789970
846 19228.71484 11266324868548
847 20984.34961 11549846065244
848 23969.40625 11852496415016
849 26522.07617 12063282996579
850 20364.83789 12261812114013
851 23546.66016 12565615859050
852 27531.38086 12895976334918
853 27536.06641 13129048420432
854 22709.63086 13342875959442
855 27301.36133 13668255530080
856 28209.08008 14028497565712
857 29162.81836 14286114679795
858 25243.71484 14516664844741
859 26254.33594 14864999324167
860 30502.80078 15257435738375
861 32671.75195 15542058437023
862 27032.17969 15790906321265
863 28384.07031 16163668198377
864 34734.57812 16590760915913
865 34140.60938 16905065591089
866 30879.35547 17173952483470
867 36447.20703 17572716088325
868 37254.17969 18037084292282
869 37081.12500 18383978839499
870 33007.72656 18674828846366
871 32984.29688 19101279713422
872 38918.91797 19605708476834
873 41675.14844 19988348853285
874 35874.45703 20303286927924
875 35373.91016 20759232189240
876 44440.87891 21306681618077
877 43952.17969 21728489333133
878 39070.55469 22069860815802
879 42001.12500 22557240715320
880 45583.82031 23150855657132
881 49654.75781 23615536243397
882 44432.57812 23985927998267
883 42683.92188 24506828644027
884 49568.02734 25149949022618
885 52514.77344 25661511521786
886 46825.26953 26063774779281
887 44216.25391 26620442260560
888 55520.98047 27316614089654
889 56317.12500 27879391599405
890 51457.02734 28316666619050
891 51689.91797 28911522606143
892 57763.68359 29664509751797
893 61341.23828 30283181091435
894 57886.08203 30758923747884
895 50743.10156 31394582718970
896 64928.90234 32208379497250
897 70252.17188 32887992031100
898 63858.12891 33406002444298
899 55029.65234 34085290697679
900 68201.39844 34964135378818
901 71863.67969 35710129054575
902 67011.82812 36274582398045
903 63888.48438 37000558997042
904 72988.17969 37948948316014
905 77904.12500 38767180983750
906 78451.70312 39382660585646
907 63227.64453 40158640415053
908 78658.67969 41181345199269
909 83958.46875 42078119262362
910 79469.30469 42749652139892
911 70645.31250 43579231266978
912 93732.67969 44681313286392
913 94573.03906 45663403751458
914 86809.39844 46396498727381
915 80018.23438 47283582251330
916 91668.13281 48470412419844
917 98747.25000 49545096427976
918 95014.82812 50345784963133
919 78550.92969 51294617570124
920 98785.72656 52571895650221
921 106516.52344 53746983552610
922 103088.69531 54621863450641
923 85517.46875 55637062909730
924 106400.30469 57010838859349
925 117616.47656 58294706923783
926 111310.64062 59250989079351
927 93068.93750 60337582903703
928 118441.67188 61814280041506
929 123813.29688 63215904889404
930 121530.60156 64261463228955
931 108035.29688 65424928765845
932 123019.99219 67011368948594
933 134589.31250 68540363808060
934 132342.01562 69683788603473
935 108118.89844 70930096834692
936 132428.59375 72633527839342
937 150623.35938 74300180721941
938 143167.78125 75550835466870
939 116676.37500 76886498793226
940 157589.50000 78714624128334
941 156391.35938 80529938058872
942 156557.59375 81898020081183
943 133702.03125 83330144405172
944 153342.84375 85291155808984
945 168886.17188 87266891218888
946 170805.50000 88763496229861
947 139593.25000 90299837673695
948 165041.57812 92402450547093
949 183677.23438 94551169974478
950 184227.92188 96188360773179
951 94452.47656 97837387359732
952 190193.18750 100090879430613
953 197562.73438 102425994690086
954 209779.10938 104216874217283
955 174441.64062 105987832888049
956 198272.85938 108402086431445
957 214750.56250 110937908405381
958 218714.79688 112896697378900
959 183008.35938 114799686747117
960 203952.15625 117385234689859
961 236767.37500 120137025925487
962 235393.89062 122279145301472
963 201261.35938 124325194531469
964 231307.09375 127093270814573
965 250259.81250 130077301141813
966 255010.67188 132419459629151
967 219367.21875 134620613881853
968 236723.29688 137583208498954
969 273357.81250 140816813869815
970 279872.90625 143377100758920
971 239299.96875 145746513672992
972 255615.70312 148916432799985
973 293677.09375 152418077595528
974 299797.09375 155216061185719
975 261390.65625 157768094854872
976 277038.81250 161159026549781
977 315784.87500 164948369631846
978 325600.62500 168005201516230
979 289027.06250 170755534479646
980 293521.03125 174382120471992
981 341512.75000 178480085252698
982 352406.75000 181818610766587
983 310509.06250 184784354559738
984 317348.09375 188662268662543
985 377098.34375 193091117511812
986 379322.21875 196735992668840
987 340164.96875 199935817476530
988 355296.28125 204081851214011
989 395443.37500 208865264571285
990 411944.93750 212843079795050
991 374385.71875 216297349807691
992 361964.00000 220729505912898
993 428469.65625 225892666463372
994 456297.65625 230232077467486
995 400506.71875 233962996578336
996 388966.68750 238700591021596
997 479450.59375 244270273361693
998 479228.28125 249002139561967
999 435152.21875 253033908036322
1000 528748.93750 258097681327712